     -1.03728956e+05     -1.65633181e-03      2.17318497e-03
     -1.03034878e+05     -1.65633181e-03      2.17318497e-03
     -1.02340804e+05     -1.65633181e-03      2.17318497e-03
     -1.01646733e+05     -1.65633181e-03      2.17318497e-03
     -1.00952665e+05     -1.65633181e-03      2.17318497e-03
     -1.00258600e+05     -1.65633181e-03      2.17318497e-03
     -9.95645391e+04     -1.65633181e-03      2.17318497e-03
     -9.88704808e+04     -1.65633181e-03      2.17318497e-03
     -9.81764259e+04     -1.65633181e-03      2.17318497e-03
     -9.74823741e+04     -1.65633181e-03      2.17318497e-03
     -9.67883255e+04     -1.65633181e-03      2.17318497e-03
     -9.60942801e+04     -1.65633181e-03      2.17318497e-03
     -9.54002380e+04     -1.65633181e-03      2.17318497e-03
     -9.47061990e+04     -1.65633181e-03      2.17318497e-03
     -9.40121633e+04     -1.65633181e-03      2.17318497e-03
     -9.33181308e+04     -1.65633181e-03      2.17318497e-03
     -9.26241015e+04     -1.65633181e-03      2.17318497e-03
     -9.19300754e+04     -1.65633181e-03      2.17318497e-03
     -9.12360525e+04     -1.65633181e-03      2.17318497e-03
     -9.05420328e+04     -1.65633181e-03      2.17318497e-03
     -8.98480163e+04     -1.65633181e-03      2.17318497e-03
     -8.91540031e+04     -1.65633181e-03      2.17318497e-03
     -8.84599930e+04     -1.65633181e-03      2.17318497e-03
     -8.77659862e+04     -1.65633181e-03      2.17318497e-03
     -8.70719825e+04     -1.65633181e-03      2.17318497e-03
     -8.63779821e+04     -1.65633181e-03      2.17318497e-03
     -8.56839849e+04     -1.65633181e-03      2.17318497e-03
     -8.49899909e+04     -1.65633181e-03      2.17318497e-03
     -8.42960001e+04     -1.65633181e-03      2.17318497e-03
     -8.36020125e+04     -1.65633181e-03      2.17318497e-03
     -8.29080282e+04     -1.65633181e-03      2.17318497e-03
     -8.22140470e+04     -1.65633181e-03      2.17318497e-03
     -8.15200690e+04     -1.65633181e-03      2.17318497e-03
     -8.08260943e+04     -1.65633181e-03      2.17318497e-03
     -8.01321228e+04     -1.65633181e-03      2.17318497e-03
     -7.94381544e+04     -1.65633181e-03      2.17318497e-03
     -7.87441893e+04     -1.65633181e-03      2.17318497e-03
     -7.80502274e+04     -1.65633181e-03      2.17318497e-03
     -7.73562687e+04     -1.65633181e-03      2.17318497e-03
     -7.66623133e+04     -1.65633181e-03      2.17318497e-03
     -7.59683610e+04     -1.65633181e-03      2.17318497e-03
     -7.52744119e+04     -1.74536574e-03      2.15856847e-03
     -7.45804661e+04     -1.85312885e-03      2.13683412e-03
     -7.38865234e+04     -1.95346436e-03      2.11047284e-03
     -7.31925840e+04     -2.04581108e-03      2.08175845e-03
     -7.24986478e+04     -2.12986842e-03      2.04914207e-03
     -7.18047147e+04     -2.20556477e-03      2.01829092e-03
     -7.11107849e+04     -2.27301806e-03      1.98807348e-03
     -7.04168583e+04     -2.33249106e-03      1.96102982e-03
     -6.97229349e+04     -2.38434453e-03      1.93736744e-03
     -6.90290148e+04     -2.42899096e-03      1.91712026e-03
     -6.83350978e+04     -2.44123291e-03      1.90277981e-03
     -6.76411840e+04     -2.43405397e-03      1.89438408e-03
     -6.69472735e+04     -2.42364496e-03      1.88464771e-03
     -6.62533661e+04     -2.41407688e-03      1.87442498e-03
     -6.55594620e+04     -2.40640284e-03      1.86639577e-03
     -6.48655611e+04     -2.42001397e-03      1.85714765e-03
     -6.41716634e+04     -2.50615052e-03      1.84751837e-03
     -6.34777689e+04     -2.62046444e-03      1.84047737e-03
     -6.27838776e+04     -2.72506637e-03      1.83921729e-03
     -6.20899895e+04     -2.81154534e-03      1.91433129e-03
     -6.13961046e+04     -2.87715889e-03      1.98762645e-03
     -6.07022229e+04     -2.91930474e-03      2.03160677e-03
     -6.00083445e+04     -2.93504520e-03      2.04489491e-03
     -5.93144692e+04     -2.92385068e-03      2.02907451e-03
     -5.86205972e+04     -2.88601471e-03      1.98635273e-03
     -5.79267284e+04     -2.82221011e-03      1.91881931e-03
     -5.72328627e+04     -2.73390644e-03      1.82898204e-03
     -5.65390003e+04     -2.62345450e-03      1.74518014e-03
     -5.58451411e+04     -2.49403333e-03      1.71836273e-03
     -5.51512851e+04     -2.34941790e-03      1.70986162e-03
     -5.44574324e+04     -2.19399273e-03      1.70584403e-03
     -5.37635828e+04     -2.03325504e-03      1.70594896e-03
     -5.30697364e+04     -1.87274662e-03      1.70785743e-03
     -5.23758932e+04     -1.71775538e-03      1.71267960e-03
     -5.16820533e+04     -1.57332633e-03      1.71651787e-03
     -5.09882166e+04     -1.44411334e-03      1.71597017e-03
     -5.02943830e+04     -1.33416547e-03      1.71163167e-03
     -4.96005527e+04     -1.24711895e-03      1.70237504e-03
     -4.89067256e+04     -1.18609169e-03      1.69108403e-03
     -4.82129017e+04     -1.15210504e-03      1.68174036e-03
     -4.75190810e+04     -1.14507953e-03      1.67576347e-03
     -4.68252635e+04     -1.16415730e-03      1.67416733e-03
     -4.61314492e+04     -1.20753196e-03      1.67781513e-03
     -4.54376381e+04     -1.27248018e-03      1.68871379e-03
     -4.47438303e+04     -1.35548313e-03      1.70344671e-03
     -4.40500256e+04     -1.45278702e-03      1.72203102e-03
     -4.33562242e+04     -1.55995909e-03      1.74535032e-03
     -4.26624259e+04     -1.67138127e-03      1.76971956e-03
     -4.19686309e+04     -1.78159273e-03      1.79560517e-03
     -4.12748391e+04     -1.88559047e-03      1.82012561e-03
     -4.05810505e+04     -1.97874277e-03      1.84353717e-03
     -3.98872651e+04     -2.05689562e-03      1.86350091e-03
     -3.91934829e+04     -2.11650847e-03      1.87977378e-03
     -3.84997039e+04     -2.15445462e-03      1.88955040e-03
     -3.78059281e+04     -2.16830927e-03      1.89395376e-03
     -3.71121556e+04     -2.15701297e-03      1.89271891e-03
     -3.64183862e+04     -2.12042243e-03      1.88810575e-03
     -3.57246200e+04     -2.05911527e-03      1.99421940e-03
     -3.50308571e+04     -1.97439478e-03      2.15863680e-03
     -3.43370974e+04     -1.86821727e-03      2.32217622e-03
     -3.36433408e+04     -1.74308030e-03      2.47374824e-03
     -3.29495875e+04     -1.60134341e-03      2.61195211e-03
     -3.22558374e+04     -1.44615728e-03      2.73665750e-03
     -3.15620905e+04     -1.28145419e-03      2.84883569e-03
     -3.08683468e+04     -1.11092489e-03      2.94923114e-03
     -3.01746063e+04     -9.37896732e-04      3.03813668e-03
     -2.94808691e+04     -7.65421578e-04      3.11543430e-03
     -2.87871350e+04     -5.96222397e-04      3.18051837e-03
     -2.80934041e+04     -4.32623032e-04      3.23226224e-03
     -2.73996765e+04     -2.76423897e-04      3.26900840e-03
     -2.67059520e+04     -1.29101010e-04      3.28889115e-03
     -2.60122308e+04      8.36538748e-06      3.28986211e-03
     -2.53185128e+04      1.35593257e-04      3.26981803e-03
     -2.46247979e+04      2.52710098e-04      3.22687968e-03
     -2.39310863e+04      3.60275704e-04      3.15962562e-03
     -2.32373779e+04      4.59232531e-04      3.06727197e-03
     -2.25436727e+04      5.50888533e-04      2.94979946e-03
     -2.18499707e+04      6.37028815e-04      2.80802818e-03
     -2.11562720e+04      7.19495114e-04      2.64405015e-03
     -2.04625764e+04      8.00196891e-04      2.46137950e-03
     -1.97688840e+04      8.81228504e-04      2.26520787e-03
     -1.90751949e+04      9.64819861e-04      2.06299223e-03
     -1.83815089e+04      1.05328181e-03      1.86531733e-03
     -1.76878262e+04      1.14897805e-03      1.74405022e-03
     -1.69941466e+04      1.25430287e-03      1.71639074e-03
     -1.63004703e+04      1.37210047e-03      1.70762834e-03
     -1.56067972e+04      1.50460574e-03      1.70076543e-03
     -1.49131273e+04      1.65381832e-03      1.69333999e-03
     -1.42194606e+04      1.82184744e-03      1.72119105e-03
     -1.35257971e+04      2.01077487e-03      1.89004131e-03
     -1.28321368e+04      2.22253906e-03      2.11685101e-03
     -1.21384797e+04      2.45887356e-03      2.35629948e-03
     -1.14448258e+04      2.72124570e-03      2.59545477e-03
     -1.07511752e+04      3.01066026e-03      2.82426054e-03
     -1.00575277e+04      3.32770973e-03      3.03493699e-03
     -9.36388346e+03      3.67261440e-03      3.22159743e-03
     -8.67024241e+03      4.04509830e-03      3.37984329e-03
     -7.97660458e+03      4.44428257e-03      3.50651901e-03
     -7.28296995e+03      4.86862309e-03      3.59959613e-03
     -6.58933853e+03      5.31586642e-03      3.65810099e-03
     -5.89571032e+03      5.78302357e-03      3.68205129e-03
     -5.20208531e+03      6.26565077e-03      3.67141871e-03
     -4.50846351e+03      6.75952934e-03      3.62830390e-03
     -3.81484492e+03      7.25987937e-03      3.55567876e-03
     -3.12122954e+03      7.76105186e-03      3.45673889e-03
     -2.42761736e+03      8.25682969e-03      3.33502667e-03
     -1.73400839e+03      8.74061096e-03      3.19434205e-03
     -1.04040263e+03      9.20555870e-03      3.03856879e-03
     -3.46800075e+02      9.64470175e-03      2.87141886e-03
      3.46799273e+02      1.00504988e-02      2.69553190e-03
      1.04039541e+03      1.04168097e-02      2.51454711e-03
      1.73398835e+03      1.07380724e-02      2.33169940e-03
      2.42757807e+03      1.10091082e-02      2.14930720e-03
      3.12116459e+03      1.12255629e-02      1.96910507e-03
      3.81474790e+03      1.13841412e-02      1.81755520e-03
      4.50832801e+03      1.14827482e-02      1.77870883e-03
      5.20190490e+03      1.15204562e-02      1.76705792e-03
      5.89547860e+03      1.14972251e-02      1.75044431e-03
      6.58904908e+03      1.14152315e-02      1.73358968e-03
      7.28261636e+03      1.12784932e-02      1.71927663e-03
      7.97618043e+03      1.10921405e-02      1.70824940e-03
      8.66974129e+03      1.08623338e-02      1.70403873e-03
      9.36329894e+03      1.05962766e-02      1.70622319e-03
      1.00568534e+04      1.03020750e-02      1.71248022e-03
      1.07504046e+04      9.98844957e-03      1.71917770e-03
      1.14439527e+04      9.66458877e-03      1.72933358e-03
      1.21374975e+04      9.34021947e-03      1.73879897e-03
      1.28310391e+04      9.02487464e-03      1.74591472e-03
      1.35245775e+04      8.72756222e-03      1.74977198e-03
      1.42181127e+04      8.45662443e-03      1.74995435e-03
      1.49116447e+04      8.21952138e-03      1.75040477e-03
      1.56051735e+04      8.02261592e-03      1.74902278e-03
      1.62986991e+04      7.87126672e-03      1.74698819e-03
      1.69922215e+04      7.76972313e-03      1.81265326e-03
      1.76857407e+04      7.71992696e-03      2.02930555e-03
      1.83792566e+04      7.72220154e-03      2.29112438e-03
      1.90727694e+04      7.77553528e-03      2.55502287e-03
      1.97662790e+04      7.87748883e-03      2.81541302e-03
      2.04597853e+04      8.02426469e-03      3.06639623e-03
      2.11532885e+04      8.21086206e-03      3.30197795e-03
      2.18467884e+04      8.43176060e-03      3.51573250e-03
      2.25402851e+04      8.68058235e-03      3.70166872e-03
      2.32337786e+04      8.94931548e-03      3.85556839e-03
      2.39272690e+04      9.22975659e-03      3.97380573e-03
      2.46207561e+04      9.51396926e-03      4.05327378e-03
      2.53142400e+04      9.79422730e-03      4.09184362e-03
      2.60077207e+04      1.00631539e-02      4.08853942e-03
      2.67011982e+04      1.03138978e-02      4.04360178e-03
      2.73946724e+04      1.05404009e-02      3.95838284e-03
      2.80881435e+04      1.07370958e-02      3.83576307e-03
      2.87816114e+04      1.08990664e-02      3.67998483e-03
      2.94750760e+04      1.10224481e-02      3.49617648e-03
      3.01685375e+04      1.11043705e-02      3.29029576e-03
      3.08619958e+04      1.11428136e-02      3.06909093e-03
      3.15554508e+04      1.11365249e-02      2.83993044e-03
      3.22489026e+04      1.10849373e-02      2.61055850e-03
      3.29423513e+04      1.09873988e-02      2.38925153e-03
      3.36357967e+04      1.08440061e-02      2.18350411e-03
      3.43292389e+04      1.06560775e-02      1.99914292e-03
      3.50226779e+04      1.04251614e-02      1.84032797e-03
      3.57161138e+04      1.01529086e-02      1.70905151e-03
      3.64095464e+04      9.84118049e-03      1.65901247e-03
      3.71029758e+04      9.49198608e-03      1.66304051e-03
      3.77964019e+04      9.10748898e-03      1.67793619e-03
      3.84898249e+04      8.68899535e-03      1.69327410e-03
      3.91832447e+04      8.23910918e-03      1.70864686e-03
      3.98766613e+04      7.76162615e-03      1.72212991e-03
      4.05700746e+04      7.26025044e-03      1.73592366e-03
      4.12634848e+04      6.73869351e-03      1.74718155e-03
      4.19568918e+04      6.20098685e-03      1.75562737e-03
      4.26502955e+04      5.65154571e-03      1.76189495e-03
      4.33436961e+04      5.09516214e-03      1.76959299e-03
      4.40370934e+04      4.53704397e-03      1.77498623e-03
      4.47304875e+04      3.98307602e-03      1.78066021e-03
      4.54238785e+04      3.43919362e-03      1.78675953e-03
      4.61172662e+04      2.91116773e-03      1.79009170e-03
      4.68106507e+04      2.40464204e-03      1.79516704e-03
      4.75040320e+04      1.92504376e-03      1.85350068e-03
      4.81974101e+04      1.47743296e-03      1.91541159e-03
      4.88907850e+04      1.06634518e-03      1.95607026e-03
      4.95841567e+04      6.97157630e-04      1.97030757e-03
      5.02775252e+04      3.72689812e-04      1.95640121e-03
      5.09708905e+04      9.40455569e-05      1.91508772e-03
      5.16642525e+04     -1.38210668e-04      1.84811570e-03
      5.23576114e+04     -3.24350102e-04      1.79375967e-03
      5.30509671e+04     -4.65717976e-04      1.77865099e-03
      5.37443195e+04     -5.64736906e-04      1.77091976e-03
      5.44376688e+04     -6.24843291e-04      1.76264286e-03
      5.51310148e+04     -6.49783515e-04      1.75431337e-03
      5.58243577e+04     -6.45361484e-04      1.74650696e-03
      5.65176973e+04     -6.17999561e-04      1.74172515e-03
      5.72110337e+04     -5.73994273e-04      1.74006820e-03
      5.79043670e+04     -5.19669877e-04      1.74275127e-03
      5.85976970e+04     -4.61297677e-04      1.75074018e-03
      5.92910238e+04     -4.04894876e-04      1.76220993e-03
      5.99843474e+04     -3.56029492e-04      1.77888920e-03
      6.06776678e+04     -3.20887317e-04      1.79724880e-03
      6.13709850e+04     -3.03272205e-04      1.81631792e-03
      6.20642990e+04     -3.05711584e-04      1.83203849e-03
      6.27576098e+04     -3.30131033e-04      1.84933421e-03
      6.34509174e+04     -3.77520272e-04      1.86367090e-03
      6.41442218e+04     -4.47871613e-04      1.87375095e-03
      6.48375229e+04     -5.40087479e-04      1.87770453e-03
      6.55308209e+04     -6.52178095e-04      1.87481626e-03
      6.62241157e+04     -7.81646090e-04      1.86584208e-03
      6.69174072e+04     -9.24364358e-04      1.85055954e-03
      6.76106956e+04     -1.07579412e-03      1.82859574e-03
      6.83039807e+04     -1.23145872e-03      1.80245628e-03
      6.89972627e+04     -1.38683105e-03      1.77151840e-03
      6.96905414e+04     -1.53743952e-03      1.73880273e-03
      7.03838170e+04     -1.67904339e-03      1.70703276e-03
      7.10770893e+04     -1.80761400e-03      1.67849378e-03
      7.17703584e+04     -1.91892414e-03      1.65344856e-03
      7.24636243e+04     -2.01069631e-03      1.63475986e-03
      7.31568870e+04     -2.08163327e-03      1.62313585e-03
      7.38501465e+04     -2.13092700e-03      1.62271767e-03
      7.45434028e+04     -2.15853515e-03      1.63256441e-03
      7.52366559e+04     -2.16525032e-03      1.65081625e-03
      7.59299058e+04     -2.15265860e-03      1.67619622e-03
      7.66231525e+04     -2.12291615e-03      1.70762127e-03
      7.73163960e+04     -2.07878554e-03      1.74448301e-03
      7.80096363e+04     -2.02423239e-03      1.78322214e-03
      7.87028734e+04     -1.96341552e-03      1.82090501e-03
      7.93961072e+04     -1.90035519e-03      1.85569392e-03
      8.00893379e+04     -1.83900065e-03      2.00157377e-03
      8.07825654e+04     -1.78311851e-03      2.25438411e-03
      8.14757896e+04     -1.73612893e-03      2.52234246e-03
      8.21690107e+04     -1.70123407e-03      2.77230513e-03
      8.28622285e+04     -1.68125704e-03      2.99583795e-03
      8.35554432e+04     -1.67741476e-03      3.18582369e-03
      8.42486546e+04     -1.68999330e-03      3.33628303e-03
      8.49418628e+04     -1.71861632e-03      3.44231999e-03
      8.56350679e+04     -1.76206761e-03      3.50023973e-03
      8.63282697e+04     -1.81826985e-03      3.50762791e-03
      8.70214683e+04     -1.88434959e-03      3.46339442e-03
      8.77146637e+04     -1.95690615e-03      3.36773758e-03
      8.84078560e+04     -2.03176238e-03      3.22225456e-03
      8.91010450e+04     -2.10396521e-03      3.02992095e-03
      8.97942308e+04     -2.16852133e-03      2.79482775e-03
      9.04874134e+04     -2.22062502e-03      2.52207188e-03
      9.11805928e+04     -2.25571297e-03      2.21768085e-03
      9.18737690e+04     -2.26963237e-03      1.89553083e-03
      9.25669419e+04     -2.25879081e-03      1.82717172e-03
      9.32601117e+04     -2.21990583e-03      1.84631988e-03
      9.39532783e+04     -2.15071781e-03      1.86218790e-03
      9.46464417e+04     -2.05073441e-03      1.87222636e-03
      9.53396018e+04     -1.92056250e-03      1.87585704e-03
      9.60327588e+04     -1.76172958e-03      1.87485791e-03
      9.67259126e+04     -1.57679872e-03      1.86738820e-03
      9.74190631e+04     -1.36932825e-03      1.85898245e-03
      9.81122105e+04     -1.14375034e-03      1.84698123e-03
      9.88053546e+04     -9.04814964e-04      1.83492614e-03
      9.94984956e+04     -6.58227562e-04      1.82248792e-03
      1.00191633e+05     -4.10465823e-04      1.81605097e-03
      1.00884768e+05     -1.67875603e-04      1.91878651e-03
      1.01577899e+05      6.35533072e-05      2.04179995e-03
      1.02271027e+05      2.78242082e-04      2.14418774e-03
      1.02964152e+05      4.71191919e-04      2.23024229e-03
      1.03657274e+05      6.38159216e-04      2.30464598e-03
