     -1.03728956e+05     -6.72726251e-04      1.85200994e-03
     -1.03034878e+05     -6.72726251e-04      1.85200994e-03
     -1.02340804e+05     -6.72726251e-04      1.85200994e-03
     -1.01646733e+05     -6.72726251e-04      1.85200994e-03
     -1.00952665e+05     -6.72726251e-04      1.85200994e-03
     -1.00258600e+05     -6.72726251e-04      1.85200994e-03
     -9.95645391e+04     -6.72726251e-04      1.85200994e-03
     -9.88704808e+04     -6.72726251e-04      1.85200994e-03
     -9.81764259e+04     -6.72726251e-04      1.85200994e-03
     -9.74823741e+04     -6.72726251e-04      1.85200994e-03
     -9.67883255e+04     -6.72726251e-04      1.85200994e-03
     -9.60942801e+04     -6.72726251e-04      1.85200994e-03
     -9.54002380e+04     -6.72726251e-04      1.85200994e-03
     -9.47061990e+04     -6.72726251e-04      1.85200994e-03
     -9.40121633e+04     -6.72726251e-04      1.85200994e-03
     -9.33181308e+04     -6.72726251e-04      1.85200994e-03
     -9.26241015e+04     -6.72726251e-04      1.85200994e-03
     -9.19300754e+04     -6.72726251e-04      1.85200994e-03
     -9.12360525e+04     -6.72726251e-04      1.85200994e-03
     -9.05420328e+04     -6.72726251e-04      1.85200994e-03
     -8.98480163e+04     -6.72726251e-04      1.85200994e-03
     -8.91540031e+04     -6.72726251e-04      1.85200994e-03
     -8.84599930e+04     -6.72726251e-04      1.85200994e-03
     -8.77659862e+04     -6.72726251e-04      1.85200994e-03
     -8.70719825e+04     -6.72726251e-04      1.85200994e-03
     -8.63779821e+04     -6.72726251e-04      1.85200994e-03
     -8.56839849e+04     -6.72726251e-04      1.85200994e-03
     -8.49899909e+04     -6.72726251e-04      1.85200994e-03
     -8.42960001e+04     -6.72726251e-04      1.85200994e-03
     -8.36020125e+04     -6.72726251e-04      1.85200994e-03
     -8.29080282e+04     -6.72726251e-04      1.85200994e-03
     -8.22140470e+04     -6.72726251e-04      1.85200994e-03
     -8.15200690e+04     -6.72726251e-04      1.85200994e-03
     -8.08260943e+04     -6.72726251e-04      1.85200994e-03
     -8.01321228e+04     -6.72726251e-04      1.85200994e-03
     -7.94381544e+04     -6.72726251e-04      1.85200994e-03
     -7.87441893e+04     -6.72726251e-04      1.85200994e-03
     -7.80502274e+04     -6.72726251e-04      1.85200994e-03
     -7.73562687e+04     -6.72726251e-04      1.85200994e-03
     -7.66623133e+04     -7.00053081e-04      1.85013028e-03
     -7.59683610e+04     -8.01786415e-04      1.84284408e-03
     -7.52744119e+04     -8.92555991e-04      1.83439926e-03
     -7.45804661e+04     -9.71016342e-04      1.82359206e-03
     -7.38865234e+04     -1.03607345e-03      1.81339639e-03
     -7.31925840e+04     -1.08692525e-03      1.80399355e-03
     -7.24986478e+04     -1.13092094e-03      1.79644536e-03
     -7.18047147e+04     -1.18286135e-03      1.79316679e-03
     -7.11107849e+04     -1.22115118e-03      1.78801511e-03
     -7.04168583e+04     -1.24284094e-03      1.77600850e-03
     -6.97229349e+04     -1.24732214e-03      1.75785700e-03
     -6.90290148e+04     -1.23440738e-03      1.73749875e-03
     -6.83350978e+04     -1.20436344e-03      1.71399579e-03
     -6.76411840e+04     -1.15792912e-03      1.68928927e-03
     -6.69472735e+04     -1.09631558e-03      1.66708920e-03
     -6.62533661e+04     -1.02118764e-03      1.64775354e-03
     -6.55594620e+04     -9.34625830e-04      1.63466679e-03
     -6.48655611e+04     -8.39070263e-04      1.62732714e-03
     -6.41716634e+04     -7.37248378e-04      1.62614458e-03
     -6.34777689e+04     -6.32090170e-04      1.62807504e-03
     -6.27838776e+04     -5.26635119e-04      1.63142561e-03
     -6.20899895e+04     -4.23935836e-04      1.63275019e-03
     -6.13961046e+04     -3.26963663e-04      1.63031479e-03
     -6.07022229e+04     -2.40144330e-04      1.62215291e-03
     -6.00083445e+04     -1.76405213e-04      1.61040865e-03
     -5.93144692e+04     -1.53413671e-04      1.59397413e-03
     -5.86205972e+04     -1.62874448e-04      1.57066737e-03
     -5.79267284e+04     -1.84707375e-04      1.54327951e-03
     -5.72328627e+04     -2.18063940e-04      1.51354854e-03
     -5.65390003e+04     -2.61837641e-04      1.48904866e-03
     -5.58451411e+04     -3.14599643e-04      1.46772669e-03
     -5.51512851e+04     -3.74705847e-04      1.45213587e-03
     -5.44574324e+04     -4.41101156e-04      1.44380596e-03
     -5.37635828e+04     -5.12975273e-04      1.44331000e-03
     -5.30697364e+04     -5.89314304e-04      1.44989933e-03
     -5.23758932e+04     -6.69358399e-04      1.46067735e-03
     -5.16820533e+04     -7.52561487e-04      1.47413522e-03
     -5.09882166e+04     -8.38558430e-04      1.48705859e-03
     -5.02943830e+04     -9.27078128e-04      1.50029595e-03
     -4.96005527e+04     -1.01802914e-03      1.51058666e-03
     -4.89067256e+04     -1.11175647e-03      1.51602412e-03
     -4.82129017e+04     -1.20864508e-03      1.52180146e-03
     -4.75190810e+04     -1.30871100e-03      1.52280351e-03
     -4.68252635e+04     -1.41183086e-03      1.52230118e-03
     -4.61314492e+04     -1.51769079e-03      1.52157351e-03
     -4.54376381e+04     -1.62580169e-03      1.54321243e-03
     -4.47438303e+04     -1.73567670e-03      1.65882636e-03
     -4.40500256e+04     -1.84673585e-03      1.84098775e-03
     -4.33562242e+04     -1.95764604e-03      1.98968474e-03
     -4.26624259e+04     -2.06660881e-03      2.10015757e-03
     -4.19686309e+04     -2.17203933e-03      2.16797353e-03
     -4.12748391e+04     -2.27232245e-03      2.18965487e-03
     -4.05810505e+04     -2.36589960e-03      2.16283361e-03
     -3.98872651e+04     -2.45144275e-03      2.08625967e-03
     -3.91934829e+04     -2.52814453e-03      1.95960598e-03
     -3.84997039e+04     -2.59536100e-03      1.78961785e-03
     -3.78059281e+04     -2.65199369e-03      1.64995630e-03
     -3.71121556e+04     -2.69728574e-03      1.65423639e-03
     -3.64183862e+04     -2.73136710e-03      1.65468550e-03
     -3.57246200e+04     -2.75475103e-03      1.64979545e-03
     -3.50308571e+04     -2.76829350e-03      1.63699643e-03
     -3.43370974e+04     -2.77311251e-03      1.62039821e-03
     -3.36433408e+04     -2.77041502e-03      1.59996288e-03
     -3.29495875e+04     -2.76135264e-03      1.57608213e-03
     -3.22558374e+04     -2.74717869e-03      1.55131957e-03
     -3.15620905e+04     -2.72925752e-03      1.58452198e-03
     -3.08683468e+04     -2.70877063e-03      1.81500407e-03
     -3.01746063e+04     -2.68663151e-03      2.09746269e-03
     -2.94808691e+04     -2.66341627e-03      2.34660249e-03
     -2.87871350e+04     -2.63916035e-03      2.55899625e-03
     -2.80934041e+04     -2.61300864e-03      2.73196619e-03
     -2.73996765e+04     -2.58398715e-03      2.86462509e-03
     -2.67059520e+04     -2.55176696e-03      2.95877442e-03
     -2.60122308e+04     -2.51565134e-03      3.01719647e-03
     -2.53185128e+04     -2.47416012e-03      3.04311182e-03
     -2.46247979e+04     -2.42548596e-03      3.04048356e-03
     -2.39310863e+04     -2.36795811e-03      3.01362542e-03
     -2.32373779e+04     -2.29985095e-03      2.96686078e-03
     -2.25436727e+04     -2.21926730e-03      2.90408262e-03
     -2.18499707e+04     -2.12503359e-03      2.82948012e-03
     -2.11562720e+04     -2.01699195e-03      2.74738848e-03
     -2.04625764e+04     -1.89488224e-03      2.66079036e-03
     -1.97688840e+04     -1.75848229e-03      2.57150942e-03
     -1.90751949e+04     -1.60787948e-03      2.48056351e-03
     -1.83815089e+04     -1.44343247e-03      2.38828206e-03
     -1.76878262e+04     -1.26576127e-03      2.29448687e-03
     -1.69941466e+04     -1.07579298e-03      2.19867142e-03
     -1.63004703e+04     -8.74481884e-04      2.10010524e-03
     -1.56067972e+04     -6.62459881e-04      1.99810357e-03
     -1.49131273e+04     -4.40154856e-04      1.89232204e-03
     -1.42194606e+04     -2.07811700e-04      1.78287696e-03
     -1.35257971e+04      3.46029527e-05      1.67043142e-03
     -1.28321368e+04      2.87431974e-04      1.57790793e-03
     -1.21384797e+04      5.51231696e-04      1.56282123e-03
     -1.14448258e+04      8.26617443e-04      1.58140241e-03
     -1.07511752e+04      1.11486895e-03      1.59874555e-03
     -1.00575277e+04      1.41787431e-03      1.61482405e-03
     -9.36388346e+03      1.73715693e-03      1.62896074e-03
     -8.67024241e+03      2.07404245e-03      1.64000099e-03
     -7.97660458e+03      2.42960655e-03      1.64683598e-03
     -7.28296995e+03      2.80453234e-03      1.64952055e-03
     -6.58933853e+03      3.19902106e-03      1.64917013e-03
     -5.89571032e+03      3.61276196e-03      1.64485996e-03
     -5.20208531e+03      4.04457995e-03      1.63589464e-03
     -4.50846351e+03      4.49221411e-03      1.62897475e-03
     -3.81484492e+03      4.95254667e-03      1.61993844e-03
     -3.12122954e+03      5.42156950e-03      1.61127426e-03
     -2.42761736e+03      5.89440688e-03      1.60283466e-03
     -1.73400839e+03      6.36538972e-03      1.59239886e-03
     -1.04040263e+03      6.82815830e-03      1.58240057e-03
     -3.46800075e+02      7.27574168e-03      1.57290064e-03
      3.46799273e+02      7.70064760e-03      1.56083678e-03
      1.04039541e+03      8.09525484e-03      1.54687980e-03
      1.73398835e+03      8.45218770e-03      1.52965638e-03
      2.42757807e+03      8.76431209e-03      1.51153041e-03
      3.12116459e+03      9.02494771e-03      1.49414266e-03
      3.81474790e+03      9.22868504e-03      1.47466204e-03
      4.50832801e+03      9.37070829e-03      1.46488220e-03
      5.20190490e+03      9.44694571e-03      1.45807789e-03
      5.89547860e+03      9.45559785e-03      1.45989646e-03
      6.58904908e+03      9.39722280e-03      1.46938402e-03
      7.28261636e+03      9.27335223e-03      1.48018101e-03
      7.97618043e+03      9.08727248e-03      1.48828235e-03
      8.66974129e+03      8.84402480e-03      1.49115747e-03
      9.36329894e+03      8.55033379e-03      1.49153521e-03
      1.00568534e+04      8.21443645e-03      1.48857772e-03
      1.07504046e+04      7.84603559e-03      1.48266788e-03
      1.14439527e+04      7.45647516e-03      1.47739371e-03
      1.21374975e+04      7.05802389e-03      1.47398056e-03
      1.28310391e+04      6.66302878e-03      1.47473511e-03
      1.35245775e+04      6.28398145e-03      1.47631580e-03
      1.42181127e+04      5.93312600e-03      1.48161448e-03
      1.49116447e+04      5.62211099e-03      1.48643506e-03
      1.56051735e+04      5.36185277e-03      1.49135836e-03
      1.62986991e+04      5.16210506e-03      1.49387776e-03
      1.69922215e+04      5.03000929e-03      1.49268948e-03
      1.76857407e+04      4.97013086e-03      1.49130860e-03
      1.83792566e+04      4.98538857e-03      1.48856280e-03
      1.90727694e+04      5.07633220e-03      1.48372251e-03
      1.97662790e+04      5.24110650e-03      1.47636738e-03
      2.04597853e+04      5.47555313e-03      1.46925883e-03
      2.11532885e+04      5.77348155e-03      1.46265315e-03
      2.18467884e+04      6.12662853e-03      1.45391510e-03
      2.25402851e+04      6.52447654e-03      1.44868077e-03
      2.32337786e+04      6.95524102e-03      1.44740270e-03
      2.39272690e+04      7.40677886e-03      1.44867764e-03
      2.46207561e+04      7.86658240e-03      1.45661302e-03
      2.53142400e+04      8.32223846e-03      1.46950582e-03
      2.60077207e+04      8.76182760e-03      1.48420847e-03
      2.67011982e+04      9.17417716e-03      1.50078004e-03
      2.73946724e+04      9.54934468e-03      1.52036919e-03
      2.80881435e+04      9.87939792e-03      1.53854836e-03
      2.87816114e+04      1.01583813e-02      1.55150917e-03
      2.94750760e+04      1.03820112e-02      1.56203100e-03
      3.01685375e+04      1.05479017e-02      1.57067868e-03
      3.08619958e+04      1.06554386e-02      1.57216484e-03
      3.15554508e+04      1.07055131e-02      1.56824206e-03
      3.22489026e+04      1.07004678e-02      1.56455572e-03
      3.29423513e+04      1.06439654e-02      1.56123821e-03
      3.36357967e+04      1.05408889e-02      1.55548318e-03
      3.43292389e+04      1.03965033e-02      1.55167220e-03
      3.50226779e+04      1.02158551e-02      1.55030808e-03
      3.57161138e+04      1.00038082e-02      1.55022410e-03
      3.64095464e+04      9.76479065e-03      1.55007597e-03
      3.71029758e+04      9.50254918e-03      1.54770726e-03
      3.77964019e+04      9.21991988e-03      1.54346928e-03
      3.84898249e+04      8.91908243e-03      1.53929930e-03
      3.91832447e+04      8.60176102e-03      1.53430049e-03
      3.98766613e+04      8.26882608e-03      1.52735779e-03
      4.05700746e+04      7.92040097e-03      1.52171030e-03
      4.12634848e+04      7.55621495e-03      1.51519883e-03
      4.19568918e+04      7.17581839e-03      1.51967319e-03
      4.26502955e+04      6.77880963e-03      1.56996784e-03
      4.33436961e+04      6.36506861e-03      1.69853600e-03
      4.40370934e+04      5.93500057e-03      1.80411624e-03
      4.47304875e+04      5.48965242e-03      1.88227658e-03
      4.54238785e+04      5.03075387e-03      1.93050336e-03
      4.61172662e+04      4.56082862e-03      1.94822974e-03
      4.68106507e+04      4.08320607e-03      1.93678873e-03
      4.75040320e+04      3.60195560e-03      1.89925932e-03
      4.81974101e+04      3.12178227e-03      1.84018793e-03
      4.88907850e+04      2.64788597e-03      1.76519409e-03
      4.95841567e+04      2.18560383e-03      1.68051609e-03
      5.02775252e+04      1.74013241e-03      1.59244716e-03
      5.09708905e+04      1.31647453e-03      1.51435258e-03
      5.16642525e+04      9.19157238e-04      1.47779586e-03
      5.23576114e+04      5.51977145e-04      1.47950120e-03
      5.30509671e+04      2.17812639e-04      1.48568326e-03
      5.37443195e+04     -8.15276754e-05      1.49622785e-03
      5.44376688e+04     -3.45413199e-04      1.51056573e-03
      5.51310148e+04     -5.74345196e-04      1.53057248e-03
      5.58243577e+04     -7.69870650e-04      1.55161816e-03
      5.65176973e+04     -9.34561098e-04      1.57219014e-03
      5.72110337e+04     -1.07185757e-03      1.59192940e-03
      5.79043670e+04     -1.18586663e-03      1.61847603e-03
      5.85976970e+04     -1.28113215e-03      1.69205067e-03
      5.92910238e+04     -1.36236209e-03      1.83374756e-03
      5.99843474e+04     -1.43415502e-03      1.97790677e-03
      6.06776678e+04     -1.50093907e-03      2.11636864e-03
      6.13709850e+04     -1.56656432e-03      2.24214380e-03
      6.20642990e+04     -1.63414962e-03      2.34945564e-03
      6.27576098e+04     -1.70600069e-03      2.43398227e-03
      6.34509174e+04     -1.78355148e-03      2.49299062e-03
      6.41442218e+04     -1.86735366e-03      2.52535202e-03
      6.48375229e+04     -1.95699381e-03      2.53128710e-03
      6.55308209e+04     -2.05096190e-03      2.51186747e-03
      6.62241157e+04     -2.14762512e-03      2.46980439e-03
      6.69174072e+04     -2.24546537e-03      2.40927659e-03
      6.76106956e+04     -2.34220425e-03      2.33413963e-03
      6.83039807e+04     -2.43549573e-03      2.24815973e-03
      6.89972627e+04     -2.52310863e-03      2.15465479e-03
      6.96905414e+04     -2.60308212e-03      2.05622079e-03
      7.03838170e+04     -2.67376726e-03      1.95448484e-03
      7.10770893e+04     -2.73386450e-03      1.85008361e-03
      7.17703584e+04     -2.78307431e-03      1.74370612e-03
      7.24636243e+04     -2.82195863e-03      1.65192845e-03
      7.31568870e+04     -2.85115334e-03      1.62611587e-03
      7.38501465e+04     -2.87172790e-03      1.64096626e-03
      7.45434028e+04     -2.88506631e-03      1.65310298e-03
      7.52366559e+04     -2.89271927e-03      1.66113128e-03
      7.59299058e+04     -2.89623989e-03      1.66243423e-03
      7.66231525e+04     -2.89703533e-03      1.65866774e-03
      7.73163960e+04     -2.89622131e-03      1.65025680e-03
      7.80096363e+04     -2.89441819e-03      1.63981465e-03
      7.87028734e+04     -2.89161901e-03      1.62906679e-03
      7.93961072e+04     -2.88717690e-03      1.61479885e-03
      8.00893379e+04     -2.87978435e-03      1.60239992e-03
      8.07825654e+04     -2.86750658e-03      1.59055000e-03
      8.14757896e+04     -2.84788041e-03      1.58130685e-03
      8.21690107e+04     -2.81804406e-03      1.57405892e-03
      8.28622285e+04     -2.77484270e-03      1.58854743e-03
      8.35554432e+04     -2.71506252e-03      1.67691469e-03
      8.42486546e+04     -2.63573529e-03      1.77241777e-03
      8.49418628e+04     -2.53432967e-03      1.84857761e-03
      8.56350679e+04     -2.40898339e-03      1.90034885e-03
      8.63282697e+04     -2.25873728e-03      1.92323934e-03
      8.70214683e+04     -2.08381341e-03      1.91335266e-03
      8.77146637e+04     -1.88573447e-03      1.86756583e-03
      8.84078560e+04     -1.66698886e-03      1.78395402e-03
      8.91010450e+04     -1.43105868e-03      1.66547846e-03
      8.97942308e+04     -1.18325355e-03      1.55968361e-03
      9.04874134e+04     -9.29911799e-04      1.55889371e-03
      9.11805928e+04     -6.78107650e-04      1.56106644e-03
      9.18737690e+04     -4.35582331e-04      1.56591244e-03
      9.25669419e+04     -2.10676603e-04      1.57399307e-03
      9.32601117e+04     -1.16901627e-05      1.58616103e-03
      9.39532783e+04      1.54192046e-04      1.59979374e-03
      9.46464417e+04      2.80677995e-04      1.61589467e-03
      9.53396018e+04      3.62115511e-04      1.63242871e-03
      9.60327588e+04      3.94206027e-04      1.64559932e-03
      9.67259126e+04      3.74239598e-04      1.65654348e-03
      9.74190631e+04      3.01259016e-04      1.67741316e-03
      9.81122105e+04      1.76190249e-04      1.78174699e-03
      9.88053546e+04      2.06290466e-06      1.96870113e-03
      9.94984956e+04     -2.16166760e-04      2.11514280e-03
      1.00191633e+05     -4.72140543e-04      2.21756269e-03
      1.00884768e+05     -7.58215079e-04      2.27366374e-03
      1.01577899e+05     -1.06564567e-03      2.28221752e-03
      1.02271027e+05     -1.38492241e-03      2.24305063e-03
      1.02964152e+05     -1.70598393e-03      2.15680710e-03
      1.03657274e+05     -2.01817372e-03      2.02432595e-03
